Master Reel Width
2540
Grade(g/m2)
280
Thickness(microm)
390
FabReq Width(mm) Length(mm) Weigth(Kg) Toler. DiamExt DiamInt(mm)
  2000     440    890   3400   0.15          0          0       0      0
  2001     700   1000  19800   0.08          0          0       0      0
  2002     570    800   6400    0.1          0          0       0      0
  2003     700   1000   1000    0.2          0          0       0      0
  2004     595    800   3400   0.15          0          0       0      0
  2005     640    900   3015   0.15          0          0       0      0
  2007     520    785   3200   0.15          0          0       0      0
  5006     720   1020   3002   0.15          0          0       0      0
  5007     350      0   2000    0.2       1000       1100     200      0
