Master Reel Width
2540
Grade(g/m2)
425
Thickness(microm)
630
FabReq Width(mm) Length(mm) Weigth(Kg) Toler. DiamExt DiamInt(mm)
  1159     980    680   2000    0.1          0          0        0     0
  1160     660    605   2693    0.1          0          0        0     0
  1161     790   1255  13500   0.04          0          0        0     0
  1162     885   1350  24917   0.03          0          0        0     0
  1163     615    435   2000    0.1          0          0        0     0
  1164     720    460  15000   0.04          0          0        0     0
  1165     995   1355  20064   0.04          0          0        0     0
  1166     480      0   2339    0.1       1300       1350      200     2
